Bx By Bz 
0.0000000000e+00 0.0000000000e+00 0.0000000000e+00 4.0516402105e-05 
7.8000000000e-04 0.0000000000e+00 0.0000000000e+00 4.1219243439e-05 
1.5600000000e-03 0.0000000000e+00 0.0000000000e+00 4.1933381381e-05 
2.3400000000e-03 0.0000000000e+00 0.0000000000e+00 4.2659203815e-05 
3.1200000000e-03 0.0000000000e+00 0.0000000000e+00 4.3398470829e-05 
3.9000000000e-03 0.0000000000e+00 0.0000000000e+00 4.4160104737e-05 
4.6800000000e-03 0.0000000000e+00 0.0000000000e+00 4.4929958929e-05 
5.4600000000e-03 0.0000000000e+00 0.0000000000e+00 4.5724236779e-05 
6.2400000000e-03 0.0000000000e+00 0.0000000000e+00 4.6538466584e-05 
7.0200000000e-03 0.0000000000e+00 0.0000000000e+00 4.7361892322e-05 
7.8000000000e-03 0.0000000000e+00 0.0000000000e+00 4.8209646887e-05 
8.5800000000e-03 0.0000000000e+00 0.0000000000e+00 4.9078904402e-05 
9.3600000000e-03 0.0000000000e+00 0.0000000000e+00 4.9962398187e-05 
1.0140000000e-02 0.0000000000e+00 0.0000000000e+00 5.0861406924e-05 
1.0920000000e-02 0.0000000000e+00 0.0000000000e+00 5.1794960039e-05 
1.1700000000e-02 0.0000000000e+00 0.0000000000e+00 5.2744580459e-05 
1.2480000000e-02 0.0000000000e+00 0.0000000000e+00 5.3714929311e-05 
1.3260000000e-02 0.0000000000e+00 0.0000000000e+00 5.4708615180e-05 
1.4040000000e-02 0.0000000000e+00 0.0000000000e+00 5.5726046030e-05 
1.4820000000e-02 0.0000000000e+00 0.0000000000e+00 5.6756170888e-05 
1.5600000000e-02 0.0000000000e+00 0.0000000000e+00 5.7828185653e-05 
1.6380000000e-02 0.0000000000e+00 0.0000000000e+00 5.8928563628e-05 
1.7160000000e-02 0.0000000000e+00 0.0000000000e+00 6.0050651627e-05 
1.7940000000e-02 0.0000000000e+00 0.0000000000e+00 6.1192433943e-05 
1.8720000000e-02 0.0000000000e+00 0.0000000000e+00 6.2376963215e-05 
1.9500000000e-02 0.0000000000e+00 0.0000000000e+00 6.3575836186e-05 
2.0280000000e-02 0.0000000000e+00 0.0000000000e+00 6.4804434710e-05 
2.1060000000e-02 0.0000000000e+00 0.0000000000e+00 6.6078140641e-05 
2.1840000000e-02 0.0000000000e+00 0.0000000000e+00 6.7385536754e-05 
2.2620000000e-02 0.0000000000e+00 0.0000000000e+00 6.8718757251e-05 
2.3400000000e-02 0.0000000000e+00 0.0000000000e+00 7.0087093967e-05 
2.4180000000e-02 0.0000000000e+00 0.0000000000e+00 7.1492587328e-05 
2.4960000000e-02 0.0000000000e+00 0.0000000000e+00 7.2931838607e-05 
2.5740000000e-02 0.0000000000e+00 0.0000000000e+00 7.4415024257e-05 
2.6520000000e-02 0.0000000000e+00 0.0000000000e+00 7.5932647095e-05 
2.7300000000e-02 0.0000000000e+00 0.0000000000e+00 7.7494499257e-05 
2.8080000000e-02 0.0000000000e+00 0.0000000000e+00 7.9106812773e-05 
2.8860000000e-02 0.0000000000e+00 0.0000000000e+00 8.0765889091e-05 
2.9640000000e-02 0.0000000000e+00 0.0000000000e+00 8.2449736664e-05 
3.0420000000e-02 0.0000000000e+00 0.0000000000e+00 8.4198340091e-05 
3.1200000000e-02 0.0000000000e+00 0.0000000000e+00 8.6006297179e-05 
3.1980000000e-02 0.0000000000e+00 0.0000000000e+00 8.7838884700e-05 
3.2760000000e-02 0.0000000000e+00 0.0000000000e+00 8.9743467482e-05 
3.3540000000e-02 0.0000000000e+00 0.0000000000e+00 9.1699331473e-05 
3.4320000000e-02 0.0000000000e+00 0.0000000000e+00 9.3711641905e-05 
3.5100000000e-02 0.0000000000e+00 0.0000000000e+00 9.5783259413e-05 
3.5880000000e-02 0.0000000000e+00 0.0000000000e+00 9.7920958398e-05 
3.6660000000e-02 0.0000000000e+00 0.0000000000e+00 1.0012441883e-04 
3.7440000000e-02 0.0000000000e+00 0.0000000000e+00 1.0239516717e-04 
3.8220000000e-02 0.0000000000e+00 0.0000000000e+00 1.0473418287e-04 
3.9000000000e-02 0.0000000000e+00 0.0000000000e+00 1.0713813660e-04 
3.9780000000e-02 0.0000000000e+00 0.0000000000e+00 1.0960642823e-04 
4.0560000000e-02 0.0000000000e+00 0.0000000000e+00 1.1220002405e-04 
4.1340000000e-02 0.0000000000e+00 0.0000000000e+00 1.1486783665e-04 
4.2120000000e-02 0.0000000000e+00 0.0000000000e+00 1.1758739215e-04 
4.2900000000e-02 0.0000000000e+00 0.0000000000e+00 1.2041366245e-04 
4.3680000000e-02 0.0000000000e+00 0.0000000000e+00 1.2335932789e-04 
4.4460000000e-02 0.0000000000e+00 0.0000000000e+00 1.2636462698e-04 
4.5240000000e-02 0.0000000000e+00 0.0000000000e+00 1.2946779134e-04 
4.6020000000e-02 0.0000000000e+00 0.0000000000e+00 1.3272750037e-04 
4.6800000000e-02 0.0000000000e+00 0.0000000000e+00 1.3607100442e-04 
4.7580000000e-02 0.0000000000e+00 0.0000000000e+00 1.3953860147e-04 
4.8360000000e-02 0.0000000000e+00 0.0000000000e+00 1.4313365744e-04 
4.9140000000e-02 0.0000000000e+00 0.0000000000e+00 1.4684429985e-04 
4.9920000000e-02 0.0000000000e+00 0.0000000000e+00 1.5063177345e-04 
5.0700000000e-02 0.0000000000e+00 0.0000000000e+00 1.5468963363e-04 
5.1480000000e-02 0.0000000000e+00 0.0000000000e+00 1.5885052420e-04 
5.2260000000e-02 0.0000000000e+00 0.0000000000e+00 1.6312974729e-04 
5.3040000000e-02 0.0000000000e+00 0.0000000000e+00 1.6756876902e-04 
5.3820000000e-02 0.0000000000e+00 0.0000000000e+00 1.7225374760e-04 
5.4600000000e-02 0.0000000000e+00 0.0000000000e+00 1.7703377884e-04 
5.5380000000e-02 0.0000000000e+00 0.0000000000e+00 1.8204093489e-04 
5.6160000000e-02 0.0000000000e+00 0.0000000000e+00 1.8729190851e-04 
5.6940000000e-02 0.0000000000e+00 0.0000000000e+00 1.9267755942e-04 
5.7720000000e-02 0.0000000000e+00 0.0000000000e+00 1.9835074265e-04 
5.8500000000e-02 0.0000000000e+00 0.0000000000e+00 2.0426509647e-04 
5.9280000000e-02 0.0000000000e+00 0.0000000000e+00 2.1037061087e-04 
6.0060000000e-02 0.0000000000e+00 0.0000000000e+00 2.1664569324e-04 
6.0840000000e-02 0.0000000000e+00 0.0000000000e+00 2.2346580786e-04 
6.1620000000e-02 0.0000000000e+00 0.0000000000e+00 2.3045049123e-04 
6.2400000000e-02 0.0000000000e+00 0.0000000000e+00 2.3770433668e-04 
6.3180000000e-02 0.0000000000e+00 0.0000000000e+00 2.4529378528e-04 
6.3960000000e-02 0.0000000000e+00 0.0000000000e+00 2.5328405077e-04 
6.4740000000e-02 0.0000000000e+00 0.0000000000e+00 2.6149548309e-04 
6.5520000000e-02 0.0000000000e+00 0.0000000000e+00 2.7024289231e-04 
6.6300000000e-02 0.0000000000e+00 0.0000000000e+00 2.7944733051e-04 
6.7080000000e-02 0.0000000000e+00 0.0000000000e+00 2.8901096522e-04 
6.7860000000e-02 0.0000000000e+00 0.0000000000e+00 2.9898731711e-04 
6.8640000000e-02 0.0000000000e+00 0.0000000000e+00 3.0966663416e-04 
6.9420000000e-02 0.0000000000e+00 0.0000000000e+00 3.2069111502e-04 
7.0200000000e-02 0.0000000000e+00 0.0000000000e+00 3.3219257943e-04 
7.0980000000e-02 0.0000000000e+00 0.0000000000e+00 3.4460155485e-04 
7.1760000000e-02 0.0000000000e+00 0.0000000000e+00 3.5760014813e-04 
7.2540000000e-02 0.0000000000e+00 0.0000000000e+00 3.7115313371e-04 
7.3320000000e-02 0.0000000000e+00 0.0000000000e+00 3.8547611400e-04 
7.4100000000e-02 0.0000000000e+00 0.0000000000e+00 4.0067633335e-04 
7.4880000000e-02 0.0000000000e+00 0.0000000000e+00 4.1665619695e-04 
7.5660000000e-02 0.0000000000e+00 0.0000000000e+00 4.3358414857e-04 
7.6440000000e-02 0.0000000000e+00 0.0000000000e+00 4.5139342295e-04 
7.7220000000e-02 0.0000000000e+00 0.0000000000e+00 4.7027547918e-04 
7.8000000000e-02 0.0000000000e+00 0.0000000000e+00 4.9049380277e-04 
7.8780000000e-02 0.0000000000e+00 0.0000000000e+00 5.1207207451e-04 
7.9560000000e-02 0.0000000000e+00 0.0000000000e+00 5.3444059643e-04 
8.0340000000e-02 0.0000000000e+00 0.0000000000e+00 5.5847814914e-04 
8.1120000000e-02 0.0000000000e+00 0.0000000000e+00 5.8445730961e-04 
8.1900000000e-02 0.0000000000e+00 0.0000000000e+00 6.1144545283e-04 
8.2680000000e-02 0.0000000000e+00 0.0000000000e+00 6.4051714036e-04 
8.3460000000e-02 0.0000000000e+00 0.0000000000e+00 6.7187492968e-04 
8.4240000000e-02 0.0000000000e+00 0.0000000000e+00 7.0508125772e-04 
8.5020000000e-02 0.0000000000e+00 0.0000000000e+00 7.3947133820e-04 
8.5800000000e-02 0.0000000000e+00 0.0000000000e+00 7.7854295766e-04 
8.6580000000e-02 0.0000000000e+00 0.0000000000e+00 8.1947790197e-04 
8.7360000000e-02 0.0000000000e+00 0.0000000000e+00 8.6294956878e-04 
8.8140000000e-02 0.0000000000e+00 0.0000000000e+00 9.0962384910e-04 
8.8920000000e-02 0.0000000000e+00 0.0000000000e+00 9.6083626587e-04 
8.9700000000e-02 0.0000000000e+00 0.0000000000e+00 1.0133109081e-03 
9.0480000000e-02 0.0000000000e+00 0.0000000000e+00 1.0726864478e-03 
9.1260000000e-02 0.0000000000e+00 0.0000000000e+00 1.1372711628e-03 
9.2040000000e-02 0.0000000000e+00 0.0000000000e+00 1.2041279351e-03 
9.2820000000e-02 0.0000000000e+00 0.0000000000e+00 1.2765256443e-03 
9.3600000000e-02 0.0000000000e+00 0.0000000000e+00 1.3574147334e-03 
9.4380000000e-02 0.0000000000e+00 0.0000000000e+00 1.4454238546e-03 
9.5160000000e-02 0.0000000000e+00 0.0000000000e+00 1.5402712644e-03 
9.5940000000e-02 0.0000000000e+00 0.0000000000e+00 1.6429655738e-03 
9.6720000000e-02 0.0000000000e+00 0.0000000000e+00 1.7560489337e-03 
9.7500000000e-02 0.0000000000e+00 0.0000000000e+00 1.8781178209e-03 
9.8280000000e-02 0.0000000000e+00 0.0000000000e+00 2.0105463405e-03 
9.9060000000e-02 0.0000000000e+00 0.0000000000e+00 2.1548693062e-03 
9.9840000000e-02 0.0000000000e+00 0.0000000000e+00 2.3173707831e-03 
1.0062000000e-01 0.0000000000e+00 0.0000000000e+00 2.4955107707e-03 
1.0140000000e-01 0.0000000000e+00 0.0000000000e+00 2.6891626594e-03 
1.0218000000e-01 0.0000000000e+00 0.0000000000e+00 2.9002232984e-03 
1.0296000000e-01 0.0000000000e+00 0.0000000000e+00 3.1329719428e-03 
1.0374000000e-01 0.0000000000e+00 0.0000000000e+00 3.3955392571e-03 
1.0452000000e-01 0.0000000000e+00 0.0000000000e+00 3.6722800870e-03 
1.0530000000e-01 0.0000000000e+00 0.0000000000e+00 3.9819337918e-03 
1.0608000000e-01 0.0000000000e+00 0.0000000000e+00 4.3396576336e-03 
1.0686000000e-01 0.0000000000e+00 0.0000000000e+00 4.7451467976e-03 
1.0764000000e-01 0.0000000000e+00 0.0000000000e+00 5.1806755457e-03 
1.0842000000e-01 0.0000000000e+00 0.0000000000e+00 5.6694709413e-03 
1.0920000000e-01 0.0000000000e+00 0.0000000000e+00 6.2075165653e-03 
1.0998000000e-01 0.0000000000e+00 0.0000000000e+00 6.7723162091e-03 
1.1076000000e-01 0.0000000000e+00 0.0000000000e+00 7.4860855243e-03 
1.1154000000e-01 0.0000000000e+00 0.0000000000e+00 8.2525904070e-03 
1.1232000000e-01 0.0000000000e+00 0.0000000000e+00 9.0916454197e-03 
1.1310000000e-01 0.0000000000e+00 0.0000000000e+00 1.0027129352e-02 
1.1388000000e-01 0.0000000000e+00 0.0000000000e+00 1.1121227834e-02 
1.1466000000e-01 0.0000000000e+00 0.0000000000e+00 1.2285656252e-02 
1.1544000000e-01 0.0000000000e+00 0.0000000000e+00 1.3658831705e-02 
1.1622000000e-01 0.0000000000e+00 0.0000000000e+00 1.5225457881e-02 
1.1700000000e-01 0.0000000000e+00 0.0000000000e+00 1.6899062535e-02 
1.1778000000e-01 0.0000000000e+00 0.0000000000e+00 1.8869787627e-02 
1.1856000000e-01 0.0000000000e+00 0.0000000000e+00 2.1128866004e-02 
1.1934000000e-01 0.0000000000e+00 0.0000000000e+00 2.3595878203e-02 
1.2012000000e-01 0.0000000000e+00 0.0000000000e+00 2.6301067788e-02 
1.2090000000e-01 0.0000000000e+00 0.0000000000e+00 2.9642532233e-02 
1.2168000000e-01 0.0000000000e+00 0.0000000000e+00 3.3312770201e-02 
1.2246000000e-01 0.0000000000e+00 0.0000000000e+00 3.7396978077e-02 
1.2324000000e-01 0.0000000000e+00 0.0000000000e+00 4.1975373473e-02 
1.2402000000e-01 0.0000000000e+00 0.0000000000e+00 4.7119724122e-02 
1.2480000000e-01 0.0000000000e+00 0.0000000000e+00 5.3263834277e-02 
1.2558000000e-01 0.0000000000e+00 0.0000000000e+00 6.0156109458e-02 
1.2636000000e-01 0.0000000000e+00 0.0000000000e+00 6.7804689972e-02 
1.2714000000e-01 0.0000000000e+00 0.0000000000e+00 7.6303078489e-02 
1.2792000000e-01 0.0000000000e+00 0.0000000000e+00 8.6028610841e-02 
1.2870000000e-01 0.0000000000e+00 0.0000000000e+00 9.7123095973e-02 
1.2948000000e-01 0.0000000000e+00 0.0000000000e+00 1.0944095746e-01 
1.3026000000e-01 0.0000000000e+00 0.0000000000e+00 1.2304829087e-01 
1.3104000000e-01 0.0000000000e+00 0.0000000000e+00 1.3799940625e-01 
1.3182000000e-01 0.0000000000e+00 0.0000000000e+00 1.5477265794e-01 
1.3260000000e-01 0.0000000000e+00 0.0000000000e+00 1.7394224721e-01 
1.3338000000e-01 0.0000000000e+00 0.0000000000e+00 1.9497843833e-01 
1.3416000000e-01 0.0000000000e+00 0.0000000000e+00 2.1756097149e-01 
1.3494000000e-01 0.0000000000e+00 0.0000000000e+00 2.4145416976e-01 
1.3572000000e-01 0.0000000000e+00 0.0000000000e+00 2.6977598174e-01 
1.3650000000e-01 0.0000000000e+00 0.0000000000e+00 2.9941930227e-01 
1.3728000000e-01 0.0000000000e+00 0.0000000000e+00 3.3106301165e-01 
1.3806000000e-01 0.0000000000e+00 0.0000000000e+00 3.6550053183e-01 
1.3884000000e-01 0.0000000000e+00 0.0000000000e+00 4.0202779539e-01 
1.3962000000e-01 0.0000000000e+00 0.0000000000e+00 4.4086248444e-01 
1.4040000000e-01 0.0000000000e+00 0.0000000000e+00 4.8302385811e-01 
1.4118000000e-01 0.0000000000e+00 0.0000000000e+00 5.2816513769e-01 
1.4196000000e-01 0.0000000000e+00 0.0000000000e+00 5.7459057373e-01 
1.4274000000e-01 0.0000000000e+00 0.0000000000e+00 6.2367305026e-01 
1.4352000000e-01 0.0000000000e+00 0.0000000000e+00 6.7566604972e-01 
1.4430000000e-01 0.0000000000e+00 0.0000000000e+00 7.3006694717e-01 
1.4508000000e-01 0.0000000000e+00 0.0000000000e+00 7.8636461894e-01 
1.4586000000e-01 0.0000000000e+00 0.0000000000e+00 8.4491678793e-01 
1.4664000000e-01 0.0000000000e+00 0.0000000000e+00 9.0548809362e-01 
1.4742000000e-01 0.0000000000e+00 0.0000000000e+00 9.6778028868e-01 
1.4820000000e-01 0.0000000000e+00 0.0000000000e+00 1.0316440163e+00 
1.4898000000e-01 0.0000000000e+00 0.0000000000e+00 1.0968854547e+00 
1.4976000000e-01 0.0000000000e+00 0.0000000000e+00 1.1642862696e+00 
1.5054000000e-01 0.0000000000e+00 0.0000000000e+00 1.2327035142e+00 
1.5132000000e-01 0.0000000000e+00 0.0000000000e+00 1.3019724161e+00 
1.5210000000e-01 0.0000000000e+00 0.0000000000e+00 1.3719797425e+00 
1.5288000000e-01 0.0000000000e+00 0.0000000000e+00 1.4428523514e+00 
1.5366000000e-01 0.0000000000e+00 0.0000000000e+00 1.5142734765e+00 
1.5444000000e-01 0.0000000000e+00 0.0000000000e+00 1.5859871724e+00 
1.5522000000e-01 0.0000000000e+00 0.0000000000e+00 1.6578525157e+00 
1.5600000000e-01 0.0000000000e+00 0.0000000000e+00 1.7297245646e+00 
1.5678000000e-01 0.0000000000e+00 0.0000000000e+00 1.8013861252e+00 
1.5756000000e-01 0.0000000000e+00 0.0000000000e+00 1.8727751031e+00 
1.5834000000e-01 0.0000000000e+00 0.0000000000e+00 1.9437111069e+00 
1.5912000000e-01 0.0000000000e+00 0.0000000000e+00 2.0140434181e+00 
1.5990000000e-01 0.0000000000e+00 0.0000000000e+00 2.0835173275e+00 
1.6068000000e-01 0.0000000000e+00 0.0000000000e+00 2.1520024938e+00 
1.6146000000e-01 0.0000000000e+00 0.0000000000e+00 2.2196459949e+00 
1.6224000000e-01 0.0000000000e+00 0.0000000000e+00 2.2862469686e+00 
1.6302000000e-01 0.0000000000e+00 0.0000000000e+00 2.3515602422e+00 
1.6380000000e-01 0.0000000000e+00 0.0000000000e+00 2.4156645727e+00 
1.6458000000e-01 0.0000000000e+00 0.0000000000e+00 2.4785998818e+00 
1.6536000000e-01 0.0000000000e+00 0.0000000000e+00 2.5397652026e+00 
1.6614000000e-01 0.0000000000e+00 0.0000000000e+00 2.5991413452e+00 
1.6692000000e-01 0.0000000000e+00 0.0000000000e+00 2.6576284010e+00 
1.6770000000e-01 0.0000000000e+00 0.0000000000e+00 2.7142000184e+00 
1.6848000000e-01 0.0000000000e+00 0.0000000000e+00 2.7690990061e+00 
1.6926000000e-01 0.0000000000e+00 0.0000000000e+00 2.8226864624e+00 
1.7004000000e-01 0.0000000000e+00 0.0000000000e+00 2.8752882129e+00 
1.7082000000e-01 0.0000000000e+00 0.0000000000e+00 2.9245637461e+00 
1.7160000000e-01 0.0000000000e+00 0.0000000000e+00 2.9728524911e+00 
1.7238000000e-01 0.0000000000e+00 0.0000000000e+00 3.0197410218e+00 
1.7316000000e-01 0.0000000000e+00 0.0000000000e+00 3.0649443373e+00 
1.7394000000e-01 0.0000000000e+00 0.0000000000e+00 3.1081213277e+00 
1.7472000000e-01 0.0000000000e+00 0.0000000000e+00 3.1498427734e+00 
1.7550000000e-01 0.0000000000e+00 0.0000000000e+00 3.1896022118e+00 
1.7628000000e-01 0.0000000000e+00 0.0000000000e+00 3.2275748708e+00 
1.7706000000e-01 0.0000000000e+00 0.0000000000e+00 3.2640643997e+00 
1.7784000000e-01 0.0000000000e+00 0.0000000000e+00 3.2989559554e+00 
1.7862000000e-01 0.0000000000e+00 0.0000000000e+00 3.3317352369e+00 
1.7940000000e-01 0.0000000000e+00 0.0000000000e+00 3.3634187984e+00 
1.8018000000e-01 0.0000000000e+00 0.0000000000e+00 3.3937671798e+00 
1.8096000000e-01 0.0000000000e+00 0.0000000000e+00 3.4214085816e+00 
1.8174000000e-01 0.0000000000e+00 0.0000000000e+00 3.4478598875e+00 
1.8252000000e-01 0.0000000000e+00 0.0000000000e+00 3.4726830337e+00 
1.8330000000e-01 0.0000000000e+00 0.0000000000e+00 3.4960896923e+00 
1.8408000000e-01 0.0000000000e+00 0.0000000000e+00 3.5182863331e+00 
1.8486000000e-01 0.0000000000e+00 0.0000000000e+00 3.5387793322e+00 
1.8564000000e-01 0.0000000000e+00 0.0000000000e+00 3.5567774054e+00 
1.8642000000e-01 0.0000000000e+00 0.0000000000e+00 3.5736466593e+00 
1.8720000000e-01 0.0000000000e+00 0.0000000000e+00 3.5895009710e+00 
1.8798000000e-01 0.0000000000e+00 0.0000000000e+00 3.6038612571e+00 
1.8876000000e-01 0.0000000000e+00 0.0000000000e+00 3.6160282807e+00 
1.8954000000e-01 0.0000000000e+00 0.0000000000e+00 3.6272460079e+00 
1.9032000000e-01 0.0000000000e+00 0.0000000000e+00 3.6369066182e+00 
1.9110000000e-01 0.0000000000e+00 0.0000000000e+00 3.6447437050e+00 
1.9188000000e-01 0.0000000000e+00 0.0000000000e+00 3.6515282332e+00 
1.9266000000e-01 0.0000000000e+00 0.0000000000e+00 3.6565047206e+00 
1.9344000000e-01 0.0000000000e+00 0.0000000000e+00 3.6601537459e+00 
1.9422000000e-01 0.0000000000e+00 0.0000000000e+00 3.6624812048e+00 
1.9500000000e-01 0.0000000000e+00 0.0000000000e+00 3.6634091151e+00 
1.9578000000e-01 0.0000000000e+00 0.0000000000e+00 3.6624812048e+00 
1.9656000000e-01 0.0000000000e+00 0.0000000000e+00 3.6601537459e+00 
1.9734000000e-01 0.0000000000e+00 0.0000000000e+00 3.6565047206e+00 
1.9812000000e-01 0.0000000000e+00 0.0000000000e+00 3.6515282332e+00 
1.9890000000e-01 0.0000000000e+00 0.0000000000e+00 3.6447437050e+00 
1.9968000000e-01 0.0000000000e+00 0.0000000000e+00 3.6369066182e+00 
2.0046000000e-01 0.0000000000e+00 0.0000000000e+00 3.6272460079e+00 
2.0124000000e-01 0.0000000000e+00 0.0000000000e+00 3.6160282807e+00 
2.0202000000e-01 0.0000000000e+00 0.0000000000e+00 3.6038612571e+00 
2.0280000000e-01 0.0000000000e+00 0.0000000000e+00 3.5895009710e+00 
2.0358000000e-01 0.0000000000e+00 0.0000000000e+00 3.5736466593e+00 
2.0436000000e-01 0.0000000000e+00 0.0000000000e+00 3.5567774054e+00 
2.0514000000e-01 0.0000000000e+00 0.0000000000e+00 3.5387793322e+00 
2.0592000000e-01 0.0000000000e+00 0.0000000000e+00 3.5182863331e+00 
2.0670000000e-01 0.0000000000e+00 0.0000000000e+00 3.4960896923e+00 
2.0748000000e-01 0.0000000000e+00 0.0000000000e+00 3.4726830337e+00 
2.0826000000e-01 0.0000000000e+00 0.0000000000e+00 3.4478598875e+00 
2.0904000000e-01 0.0000000000e+00 0.0000000000e+00 3.4214085816e+00 
2.0982000000e-01 0.0000000000e+00 0.0000000000e+00 3.3937671798e+00 
2.1060000000e-01 0.0000000000e+00 0.0000000000e+00 3.3634187984e+00 
2.1138000000e-01 0.0000000000e+00 0.0000000000e+00 3.3317352369e+00 
2.1216000000e-01 0.0000000000e+00 0.0000000000e+00 3.2989559554e+00 
2.1294000000e-01 0.0000000000e+00 0.0000000000e+00 3.2640643997e+00 
2.1372000000e-01 0.0000000000e+00 0.0000000000e+00 3.2275748708e+00 
2.1450000000e-01 0.0000000000e+00 0.0000000000e+00 3.1896022118e+00 
2.1528000000e-01 0.0000000000e+00 0.0000000000e+00 3.1498427734e+00 
2.1606000000e-01 0.0000000000e+00 0.0000000000e+00 3.1081213277e+00 
2.1684000000e-01 0.0000000000e+00 0.0000000000e+00 3.0649443373e+00 
2.1762000000e-01 0.0000000000e+00 0.0000000000e+00 3.0197410218e+00 
2.1840000000e-01 0.0000000000e+00 0.0000000000e+00 2.9728524911e+00 
2.1918000000e-01 0.0000000000e+00 0.0000000000e+00 2.9245637461e+00 
2.1996000000e-01 0.0000000000e+00 0.0000000000e+00 2.8752882129e+00 
2.2074000000e-01 0.0000000000e+00 0.0000000000e+00 2.8226864624e+00 
2.2152000000e-01 0.0000000000e+00 0.0000000000e+00 2.7690990061e+00 
2.2230000000e-01 0.0000000000e+00 0.0000000000e+00 2.7142000184e+00 
2.2308000000e-01 0.0000000000e+00 0.0000000000e+00 2.6576284010e+00 
2.2386000000e-01 0.0000000000e+00 0.0000000000e+00 2.5991413452e+00 
2.2464000000e-01 0.0000000000e+00 0.0000000000e+00 2.5397652026e+00 
2.2542000000e-01 0.0000000000e+00 0.0000000000e+00 2.4785998818e+00 
2.2620000000e-01 0.0000000000e+00 0.0000000000e+00 2.4156645727e+00 
2.2698000000e-01 0.0000000000e+00 0.0000000000e+00 2.3515602422e+00 
2.2776000000e-01 0.0000000000e+00 0.0000000000e+00 2.2862469686e+00 
2.2854000000e-01 0.0000000000e+00 0.0000000000e+00 2.2196459949e+00 
2.2932000000e-01 0.0000000000e+00 0.0000000000e+00 2.1520024938e+00 
2.3010000000e-01 0.0000000000e+00 0.0000000000e+00 2.0835173275e+00 
2.3088000000e-01 0.0000000000e+00 0.0000000000e+00 2.0140434181e+00 
2.3166000000e-01 0.0000000000e+00 0.0000000000e+00 1.9437111069e+00 
2.3244000000e-01 0.0000000000e+00 0.0000000000e+00 1.8727751031e+00 
2.3322000000e-01 0.0000000000e+00 0.0000000000e+00 1.8013861252e+00 
2.3400000000e-01 0.0000000000e+00 0.0000000000e+00 1.7297245646e+00 
2.3478000000e-01 0.0000000000e+00 0.0000000000e+00 1.6578525157e+00 
2.3556000000e-01 0.0000000000e+00 0.0000000000e+00 1.5859871724e+00 
2.3634000000e-01 0.0000000000e+00 0.0000000000e+00 1.5142734765e+00 
2.3712000000e-01 0.0000000000e+00 0.0000000000e+00 1.4428523514e+00 
2.3790000000e-01 0.0000000000e+00 0.0000000000e+00 1.3719797425e+00 
2.3868000000e-01 0.0000000000e+00 0.0000000000e+00 1.3019724161e+00 
2.3946000000e-01 0.0000000000e+00 0.0000000000e+00 1.2327035142e+00 
2.4024000000e-01 0.0000000000e+00 0.0000000000e+00 1.1642862696e+00 
2.4102000000e-01 0.0000000000e+00 0.0000000000e+00 1.0968854547e+00 
2.4180000000e-01 0.0000000000e+00 0.0000000000e+00 1.0316440163e+00 
2.4258000000e-01 0.0000000000e+00 0.0000000000e+00 9.6778028868e-01 
2.4336000000e-01 0.0000000000e+00 0.0000000000e+00 9.0548809362e-01 
2.4414000000e-01 0.0000000000e+00 0.0000000000e+00 8.4491678793e-01 
2.4492000000e-01 0.0000000000e+00 0.0000000000e+00 7.8636461894e-01 
2.4570000000e-01 0.0000000000e+00 0.0000000000e+00 7.3006694717e-01 
2.4648000000e-01 0.0000000000e+00 0.0000000000e+00 6.7566604972e-01 
2.4726000000e-01 0.0000000000e+00 0.0000000000e+00 6.2367305026e-01 
2.4804000000e-01 0.0000000000e+00 0.0000000000e+00 5.7459057373e-01 
2.4882000000e-01 0.0000000000e+00 0.0000000000e+00 5.2816513769e-01 
2.4960000000e-01 0.0000000000e+00 0.0000000000e+00 4.8302385811e-01 
2.5038000000e-01 0.0000000000e+00 0.0000000000e+00 4.4086248444e-01 
2.5116000000e-01 0.0000000000e+00 0.0000000000e+00 4.0202779539e-01 
2.5194000000e-01 0.0000000000e+00 0.0000000000e+00 3.6550053183e-01 
2.5272000000e-01 0.0000000000e+00 0.0000000000e+00 3.3106301165e-01 
2.5350000000e-01 0.0000000000e+00 0.0000000000e+00 2.9941930227e-01 
2.5428000000e-01 0.0000000000e+00 0.0000000000e+00 2.6977598174e-01 
2.5506000000e-01 0.0000000000e+00 0.0000000000e+00 2.4145416976e-01 
2.5584000000e-01 0.0000000000e+00 0.0000000000e+00 2.1756097149e-01 
2.5662000000e-01 0.0000000000e+00 0.0000000000e+00 1.9497843833e-01 
2.5740000000e-01 0.0000000000e+00 0.0000000000e+00 1.7394224721e-01 
2.5818000000e-01 0.0000000000e+00 0.0000000000e+00 1.5477265794e-01 
2.5896000000e-01 0.0000000000e+00 0.0000000000e+00 1.3799940625e-01 
2.5974000000e-01 0.0000000000e+00 0.0000000000e+00 1.2304829087e-01 
2.6052000000e-01 0.0000000000e+00 0.0000000000e+00 1.0944095746e-01 
2.6130000000e-01 0.0000000000e+00 0.0000000000e+00 9.7123095973e-02 
2.6208000000e-01 0.0000000000e+00 0.0000000000e+00 8.6028610841e-02 
2.6286000000e-01 0.0000000000e+00 0.0000000000e+00 7.6303078489e-02 
2.6364000000e-01 0.0000000000e+00 0.0000000000e+00 6.7804689972e-02 
2.6442000000e-01 0.0000000000e+00 0.0000000000e+00 6.0156109458e-02 
2.6520000000e-01 0.0000000000e+00 0.0000000000e+00 5.3263834277e-02 
2.6598000000e-01 0.0000000000e+00 0.0000000000e+00 4.7119724122e-02 
2.6676000000e-01 0.0000000000e+00 0.0000000000e+00 4.1975373473e-02 
2.6754000000e-01 0.0000000000e+00 0.0000000000e+00 3.7396978077e-02 
2.6832000000e-01 0.0000000000e+00 0.0000000000e+00 3.3312770201e-02 
2.6910000000e-01 0.0000000000e+00 0.0000000000e+00 2.9642532233e-02 
2.6988000000e-01 0.0000000000e+00 0.0000000000e+00 2.6301067788e-02 
2.7066000000e-01 0.0000000000e+00 0.0000000000e+00 2.3595878203e-02 
2.7144000000e-01 0.0000000000e+00 0.0000000000e+00 2.1128866004e-02 
2.7222000000e-01 0.0000000000e+00 0.0000000000e+00 1.8869787627e-02 
2.7300000000e-01 0.0000000000e+00 0.0000000000e+00 1.6899062535e-02 
2.7378000000e-01 0.0000000000e+00 0.0000000000e+00 1.5225457881e-02 
2.7456000000e-01 0.0000000000e+00 0.0000000000e+00 1.3658831705e-02 
2.7534000000e-01 0.0000000000e+00 0.0000000000e+00 1.2285656252e-02 
2.7612000000e-01 0.0000000000e+00 0.0000000000e+00 1.1121227834e-02 
2.7690000000e-01 0.0000000000e+00 0.0000000000e+00 1.0027129352e-02 
2.7768000000e-01 0.0000000000e+00 0.0000000000e+00 9.0916454197e-03 
2.7846000000e-01 0.0000000000e+00 0.0000000000e+00 8.2525904070e-03 
2.7924000000e-01 0.0000000000e+00 0.0000000000e+00 7.4860855243e-03 
2.8002000000e-01 0.0000000000e+00 0.0000000000e+00 6.7723162091e-03 
2.8080000000e-01 0.0000000000e+00 0.0000000000e+00 6.2075165653e-03 
2.8158000000e-01 0.0000000000e+00 0.0000000000e+00 5.6694709413e-03 
2.8236000000e-01 0.0000000000e+00 0.0000000000e+00 5.1806755457e-03 
2.8314000000e-01 0.0000000000e+00 0.0000000000e+00 4.7451467976e-03 
2.8392000000e-01 0.0000000000e+00 0.0000000000e+00 4.3396576336e-03 
2.8470000000e-01 0.0000000000e+00 0.0000000000e+00 3.9819337918e-03 
2.8548000000e-01 0.0000000000e+00 0.0000000000e+00 3.6722800870e-03 
2.8626000000e-01 0.0000000000e+00 0.0000000000e+00 3.3955392571e-03 
2.8704000000e-01 0.0000000000e+00 0.0000000000e+00 3.1329719428e-03 
2.8782000000e-01 0.0000000000e+00 0.0000000000e+00 2.9002232984e-03 
2.8860000000e-01 0.0000000000e+00 0.0000000000e+00 2.6891626594e-03 
2.8938000000e-01 0.0000000000e+00 0.0000000000e+00 2.4955107707e-03 
2.9016000000e-01 0.0000000000e+00 0.0000000000e+00 2.3173707831e-03 
2.9094000000e-01 0.0000000000e+00 0.0000000000e+00 2.1548693062e-03 
2.9172000000e-01 0.0000000000e+00 0.0000000000e+00 2.0105463405e-03 
2.9250000000e-01 0.0000000000e+00 0.0000000000e+00 1.8781178209e-03 
2.9328000000e-01 0.0000000000e+00 0.0000000000e+00 1.7560489337e-03 
2.9406000000e-01 0.0000000000e+00 0.0000000000e+00 1.6429655738e-03 
2.9484000000e-01 0.0000000000e+00 0.0000000000e+00 1.5402712644e-03 
2.9562000000e-01 0.0000000000e+00 0.0000000000e+00 1.4454238546e-03 
2.9640000000e-01 0.0000000000e+00 0.0000000000e+00 1.3574147334e-03 
2.9718000000e-01 0.0000000000e+00 0.0000000000e+00 1.2765256443e-03 
2.9796000000e-01 0.0000000000e+00 0.0000000000e+00 1.2041279351e-03 
2.9874000000e-01 0.0000000000e+00 0.0000000000e+00 1.1372711628e-03 
2.9952000000e-01 0.0000000000e+00 0.0000000000e+00 1.0726864478e-03 
3.0030000000e-01 0.0000000000e+00 0.0000000000e+00 1.0133109081e-03 
3.0108000000e-01 0.0000000000e+00 0.0000000000e+00 9.6083626587e-04 
3.0186000000e-01 0.0000000000e+00 0.0000000000e+00 9.0962384910e-04 
3.0264000000e-01 0.0000000000e+00 0.0000000000e+00 8.6294956878e-04 
3.0342000000e-01 0.0000000000e+00 0.0000000000e+00 8.1947790197e-04 
3.0420000000e-01 0.0000000000e+00 0.0000000000e+00 7.7854295766e-04 
3.0498000000e-01 0.0000000000e+00 0.0000000000e+00 7.3947133820e-04 
3.0576000000e-01 0.0000000000e+00 0.0000000000e+00 7.0508125772e-04 
3.0654000000e-01 0.0000000000e+00 0.0000000000e+00 6.7187492968e-04 
3.0732000000e-01 0.0000000000e+00 0.0000000000e+00 6.4051714036e-04 
3.0810000000e-01 0.0000000000e+00 0.0000000000e+00 6.1144545283e-04 
3.0888000000e-01 0.0000000000e+00 0.0000000000e+00 5.8445730961e-04 
3.0966000000e-01 0.0000000000e+00 0.0000000000e+00 5.5847814914e-04 
3.1044000000e-01 0.0000000000e+00 0.0000000000e+00 5.3444059643e-04 
3.1122000000e-01 0.0000000000e+00 0.0000000000e+00 5.1207207451e-04 
3.1200000000e-01 0.0000000000e+00 0.0000000000e+00 4.9049380277e-04 
3.1278000000e-01 0.0000000000e+00 0.0000000000e+00 4.7027547918e-04 
3.1356000000e-01 0.0000000000e+00 0.0000000000e+00 4.5139342295e-04 
3.1434000000e-01 0.0000000000e+00 0.0000000000e+00 4.3358414857e-04 
3.1512000000e-01 0.0000000000e+00 0.0000000000e+00 4.1665619695e-04 
3.1590000000e-01 0.0000000000e+00 0.0000000000e+00 4.0067633335e-04 
3.1668000000e-01 0.0000000000e+00 0.0000000000e+00 3.8547611400e-04 
3.1746000000e-01 0.0000000000e+00 0.0000000000e+00 3.7115313371e-04 
3.1824000000e-01 0.0000000000e+00 0.0000000000e+00 3.5760014813e-04 
3.1902000000e-01 0.0000000000e+00 0.0000000000e+00 3.4460155485e-04 
3.1980000000e-01 0.0000000000e+00 0.0000000000e+00 3.3219257942e-04 
3.2058000000e-01 0.0000000000e+00 0.0000000000e+00 3.2069111502e-04 
3.2136000000e-01 0.0000000000e+00 0.0000000000e+00 3.0966663416e-04 
3.2214000000e-01 0.0000000000e+00 0.0000000000e+00 2.9898731711e-04 
3.2292000000e-01 0.0000000000e+00 0.0000000000e+00 2.8901096522e-04 
3.2370000000e-01 0.0000000000e+00 0.0000000000e+00 2.7944733051e-04 
3.2448000000e-01 0.0000000000e+00 0.0000000000e+00 2.7024289231e-04 
3.2526000000e-01 0.0000000000e+00 0.0000000000e+00 2.6149548309e-04 
3.2604000000e-01 0.0000000000e+00 0.0000000000e+00 2.5328405077e-04 
3.2682000000e-01 0.0000000000e+00 0.0000000000e+00 2.4529378528e-04 
3.2760000000e-01 0.0000000000e+00 0.0000000000e+00 2.3770433668e-04 
3.2838000000e-01 0.0000000000e+00 0.0000000000e+00 2.3045049123e-04 
3.2916000000e-01 0.0000000000e+00 0.0000000000e+00 2.2346580786e-04 
3.2994000000e-01 0.0000000000e+00 0.0000000000e+00 2.1664569324e-04 
3.3072000000e-01 0.0000000000e+00 0.0000000000e+00 2.1037061087e-04 
3.3150000000e-01 0.0000000000e+00 0.0000000000e+00 2.0426509647e-04 
3.3228000000e-01 0.0000000000e+00 0.0000000000e+00 1.9835074265e-04 
3.3306000000e-01 0.0000000000e+00 0.0000000000e+00 1.9267755942e-04 
3.3384000000e-01 0.0000000000e+00 0.0000000000e+00 1.8729190851e-04 
3.3462000000e-01 0.0000000000e+00 0.0000000000e+00 1.8204093489e-04 
3.3540000000e-01 0.0000000000e+00 0.0000000000e+00 1.7703377884e-04 
3.3618000000e-01 0.0000000000e+00 0.0000000000e+00 1.7225374760e-04 
3.3696000000e-01 0.0000000000e+00 0.0000000000e+00 1.6756876902e-04 
3.3774000000e-01 0.0000000000e+00 0.0000000000e+00 1.6312974729e-04 
3.3852000000e-01 0.0000000000e+00 0.0000000000e+00 1.5885052420e-04 
3.3930000000e-01 0.0000000000e+00 0.0000000000e+00 1.5468963363e-04 
3.4008000000e-01 0.0000000000e+00 0.0000000000e+00 1.5063177345e-04 
3.4086000000e-01 0.0000000000e+00 0.0000000000e+00 1.4684429985e-04 
3.4164000000e-01 0.0000000000e+00 0.0000000000e+00 1.4313365744e-04 
3.4242000000e-01 0.0000000000e+00 0.0000000000e+00 1.3953860147e-04 
3.4320000000e-01 0.0000000000e+00 0.0000000000e+00 1.3607100442e-04 
3.4398000000e-01 0.0000000000e+00 0.0000000000e+00 1.3272750037e-04 
3.4476000000e-01 0.0000000000e+00 0.0000000000e+00 1.2946779134e-04 
3.4554000000e-01 0.0000000000e+00 0.0000000000e+00 1.2636462698e-04 
3.4632000000e-01 0.0000000000e+00 0.0000000000e+00 1.2335932789e-04 
3.4710000000e-01 0.0000000000e+00 0.0000000000e+00 1.2041366245e-04 
3.4788000000e-01 0.0000000000e+00 0.0000000000e+00 1.1758739215e-04 
3.4866000000e-01 0.0000000000e+00 0.0000000000e+00 1.1486783665e-04 
3.4944000000e-01 0.0000000000e+00 0.0000000000e+00 1.1220002405e-04 
3.5022000000e-01 0.0000000000e+00 0.0000000000e+00 1.0960642823e-04 
3.5100000000e-01 0.0000000000e+00 0.0000000000e+00 1.0713813660e-04 
3.5178000000e-01 0.0000000000e+00 0.0000000000e+00 1.0473418287e-04 
3.5256000000e-01 0.0000000000e+00 0.0000000000e+00 1.0239516717e-04 
3.5334000000e-01 0.0000000000e+00 0.0000000000e+00 1.0012441883e-04 
3.5412000000e-01 0.0000000000e+00 0.0000000000e+00 9.7920958398e-05 
3.5490000000e-01 0.0000000000e+00 0.0000000000e+00 9.5783259413e-05 
3.5568000000e-01 0.0000000000e+00 0.0000000000e+00 9.3711641905e-05 
3.5646000000e-01 0.0000000000e+00 0.0000000000e+00 9.1699331473e-05 
3.5724000000e-01 0.0000000000e+00 0.0000000000e+00 8.9743467482e-05 
3.5802000000e-01 0.0000000000e+00 0.0000000000e+00 8.7838884700e-05 
3.5880000000e-01 0.0000000000e+00 0.0000000000e+00 8.6006297179e-05 
3.5958000000e-01 0.0000000000e+00 0.0000000000e+00 8.4198340091e-05 
3.6036000000e-01 0.0000000000e+00 0.0000000000e+00 8.2449736664e-05 
3.6114000000e-01 0.0000000000e+00 0.0000000000e+00 8.0765889091e-05 
3.6192000000e-01 0.0000000000e+00 0.0000000000e+00 7.9106812773e-05 
3.6270000000e-01 0.0000000000e+00 0.0000000000e+00 7.7494499257e-05 
3.6348000000e-01 0.0000000000e+00 0.0000000000e+00 7.5932647095e-05 
3.6426000000e-01 0.0000000000e+00 0.0000000000e+00 7.4415024257e-05 
3.6504000000e-01 0.0000000000e+00 0.0000000000e+00 7.2931838607e-05 
3.6582000000e-01 0.0000000000e+00 0.0000000000e+00 7.1492587328e-05 
3.6660000000e-01 0.0000000000e+00 0.0000000000e+00 7.0087093967e-05 
3.6738000000e-01 0.0000000000e+00 0.0000000000e+00 6.8718757251e-05 
3.6816000000e-01 0.0000000000e+00 0.0000000000e+00 6.7385536754e-05 
3.6894000000e-01 0.0000000000e+00 0.0000000000e+00 6.6078140641e-05 
3.6972000000e-01 0.0000000000e+00 0.0000000000e+00 6.4804434710e-05 
3.7050000000e-01 0.0000000000e+00 0.0000000000e+00 6.3575836186e-05 
3.7128000000e-01 0.0000000000e+00 0.0000000000e+00 6.2376963215e-05 
3.7206000000e-01 0.0000000000e+00 0.0000000000e+00 6.1192433943e-05 
3.7284000000e-01 0.0000000000e+00 0.0000000000e+00 6.0050651627e-05 
3.7362000000e-01 0.0000000000e+00 0.0000000000e+00 5.8928563628e-05 
3.7440000000e-01 0.0000000000e+00 0.0000000000e+00 5.7828185653e-05 
3.7518000000e-01 0.0000000000e+00 0.0000000000e+00 5.6756170888e-05 
3.7596000000e-01 0.0000000000e+00 0.0000000000e+00 5.5726046030e-05 
3.7674000000e-01 0.0000000000e+00 0.0000000000e+00 5.4708615180e-05 
3.7752000000e-01 0.0000000000e+00 0.0000000000e+00 5.3714929311e-05 
3.7830000000e-01 0.0000000000e+00 0.0000000000e+00 5.2744580459e-05 
3.7908000000e-01 0.0000000000e+00 0.0000000000e+00 5.1794960039e-05 
3.7986000000e-01 0.0000000000e+00 0.0000000000e+00 5.0861406924e-05 
3.8064000000e-01 0.0000000000e+00 0.0000000000e+00 4.9962398187e-05 
3.8142000000e-01 0.0000000000e+00 0.0000000000e+00 4.9078904402e-05 
3.8220000000e-01 0.0000000000e+00 0.0000000000e+00 4.8209646887e-05 
3.8298000000e-01 0.0000000000e+00 0.0000000000e+00 4.7361892322e-05 
3.8376000000e-01 0.0000000000e+00 0.0000000000e+00 4.6538466584e-05 
3.8454000000e-01 0.0000000000e+00 0.0000000000e+00 4.5724236779e-05 
3.8532000000e-01 0.0000000000e+00 0.0000000000e+00 4.4929958929e-05 
3.8610000000e-01 0.0000000000e+00 0.0000000000e+00 4.4160104737e-05 
3.8688000000e-01 0.0000000000e+00 0.0000000000e+00 4.3398470829e-05 
3.8766000000e-01 0.0000000000e+00 0.0000000000e+00 4.2659203815e-05 
3.8844000000e-01 0.0000000000e+00 0.0000000000e+00 4.1933381381e-05 
3.8922000000e-01 0.0000000000e+00 0.0000000000e+00 4.1219243439e-05 
