Bx By Bz 
0.0000000000e+00 0.0000000000e+00 0.0000000000e+00 4.9613601732e-05 
7.8000000000e-04 0.0000000000e+00 0.0000000000e+00 5.0474252930e-05 
1.5600000000e-03 0.0000000000e+00 0.0000000000e+00 5.1348737179e-05 
2.3400000000e-03 0.0000000000e+00 0.0000000000e+00 5.2237529453e-05 
3.1200000000e-03 0.0000000000e+00 0.0000000000e+00 5.3142785036e-05 
3.9000000000e-03 0.0000000000e+00 0.0000000000e+00 5.4075429580e-05 
4.6800000000e-03 0.0000000000e+00 0.0000000000e+00 5.5018140120e-05 
5.4600000000e-03 0.0000000000e+00 0.0000000000e+00 5.5990758192e-05 
6.2400000000e-03 0.0000000000e+00 0.0000000000e+00 5.6987808057e-05 
7.0200000000e-03 0.0000000000e+00 0.0000000000e+00 5.7996118630e-05 
7.8000000000e-03 0.0000000000e+00 0.0000000000e+00 5.9034220612e-05 
8.5800000000e-03 0.0000000000e+00 0.0000000000e+00 6.0098653630e-05 
9.3600000000e-03 0.0000000000e+00 0.0000000000e+00 6.1180519406e-05 
1.0140000000e-02 0.0000000000e+00 0.0000000000e+00 6.2281383725e-05 
1.0920000000e-02 0.0000000000e+00 0.0000000000e+00 6.3424548716e-05 
1.1700000000e-02 0.0000000000e+00 0.0000000000e+00 6.4587388624e-05 
1.2480000000e-02 0.0000000000e+00 0.0000000000e+00 6.5775611147e-05 
1.3260000000e-02 0.0000000000e+00 0.0000000000e+00 6.6992410575e-05 
1.4040000000e-02 0.0000000000e+00 0.0000000000e+00 6.8238286476e-05 
1.4820000000e-02 0.0000000000e+00 0.0000000000e+00 6.9499706588e-05 
1.5600000000e-02 0.0000000000e+00 0.0000000000e+00 7.0812422200e-05 
1.6380000000e-02 0.0000000000e+00 0.0000000000e+00 7.2159869451e-05 
1.7160000000e-02 0.0000000000e+00 0.0000000000e+00 7.3533901304e-05 
1.7940000000e-02 0.0000000000e+00 0.0000000000e+00 7.4932049465e-05 
1.8720000000e-02 0.0000000000e+00 0.0000000000e+00 7.6382542611e-05 
1.9500000000e-02 0.0000000000e+00 0.0000000000e+00 7.7850600064e-05 
2.0280000000e-02 0.0000000000e+00 0.0000000000e+00 7.9355057387e-05 
2.1060000000e-02 0.0000000000e+00 0.0000000000e+00 8.0914750142e-05 
2.1840000000e-02 0.0000000000e+00 0.0000000000e+00 8.2515697577e-05 
2.2620000000e-02 0.0000000000e+00 0.0000000000e+00 8.4148267779e-05 
2.3400000000e-02 0.0000000000e+00 0.0000000000e+00 8.5823838890e-05 
2.4180000000e-02 0.0000000000e+00 0.0000000000e+00 8.7544909475e-05 
2.4960000000e-02 0.0000000000e+00 0.0000000000e+00 8.9307317685e-05 
2.5740000000e-02 0.0000000000e+00 0.0000000000e+00 9.1123524908e-05 
2.6520000000e-02 0.0000000000e+00 0.0000000000e+00 9.2981901544e-05 
2.7300000000e-02 0.0000000000e+00 0.0000000000e+00 9.4894438371e-05 
2.8080000000e-02 0.0000000000e+00 0.0000000000e+00 9.6868766705e-05 
2.8860000000e-02 0.0000000000e+00 0.0000000000e+00 9.8900357552e-05 
2.9640000000e-02 0.0000000000e+00 0.0000000000e+00 1.0096228158e-04 
3.0420000000e-02 0.0000000000e+00 0.0000000000e+00 1.0310350117e-04 
3.1200000000e-02 0.0000000000e+00 0.0000000000e+00 1.0531740118e-04 
3.1980000000e-02 0.0000000000e+00 0.0000000000e+00 1.0756146192e-04 
3.2760000000e-02 0.0000000000e+00 0.0000000000e+00 1.0989368311e-04 
3.3540000000e-02 0.0000000000e+00 0.0000000000e+00 1.1228869975e-04 
3.4320000000e-02 0.0000000000e+00 0.0000000000e+00 1.1475283682e-04 
3.5100000000e-02 0.0000000000e+00 0.0000000000e+00 1.1728959726e-04 
3.5880000000e-02 0.0000000000e+00 0.0000000000e+00 1.1990727653e-04 
3.6660000000e-02 0.0000000000e+00 0.0000000000e+00 1.2260548276e-04 
3.7440000000e-02 0.0000000000e+00 0.0000000000e+00 1.2538608513e-04 
3.8220000000e-02 0.0000000000e+00 0.0000000000e+00 1.2825028301e-04 
3.9000000000e-02 0.0000000000e+00 0.0000000000e+00 1.3119399955e-04 
3.9780000000e-02 0.0000000000e+00 0.0000000000e+00 1.3421649986e-04 
4.0560000000e-02 0.0000000000e+00 0.0000000000e+00 1.3739243906e-04 
4.1340000000e-02 0.0000000000e+00 0.0000000000e+00 1.4065925905e-04 
4.2120000000e-02 0.0000000000e+00 0.0000000000e+00 1.4398943982e-04 
4.2900000000e-02 0.0000000000e+00 0.0000000000e+00 1.4745029621e-04 
4.3680000000e-02 0.0000000000e+00 0.0000000000e+00 1.5105735569e-04 
4.4460000000e-02 0.0000000000e+00 0.0000000000e+00 1.5473743842e-04 
4.5240000000e-02 0.0000000000e+00 0.0000000000e+00 1.5853736026e-04 
4.6020000000e-02 0.0000000000e+00 0.0000000000e+00 1.6252897592e-04 
4.6800000000e-02 0.0000000000e+00 0.0000000000e+00 1.6662320122e-04 
4.7580000000e-02 0.0000000000e+00 0.0000000000e+00 1.7086938227e-04 
4.8360000000e-02 0.0000000000e+00 0.0000000000e+00 1.7527164076e-04 
4.9140000000e-02 0.0000000000e+00 0.0000000000e+00 1.7981543846e-04 
4.9920000000e-02 0.0000000000e+00 0.0000000000e+00 1.8445331836e-04 
5.0700000000e-02 0.0000000000e+00 0.0000000000e+00 1.8942229508e-04 
5.1480000000e-02 0.0000000000e+00 0.0000000000e+00 1.9451743574e-04 
5.2260000000e-02 0.0000000000e+00 0.0000000000e+00 1.9975747826e-04 
5.3040000000e-02 0.0000000000e+00 0.0000000000e+00 2.0519319922e-04 
5.3820000000e-02 0.0000000000e+00 0.0000000000e+00 2.1093010204e-04 
5.4600000000e-02 0.0000000000e+00 0.0000000000e+00 2.1678339981e-04 
5.5380000000e-02 0.0000000000e+00 0.0000000000e+00 2.2291481902e-04 
5.6160000000e-02 0.0000000000e+00 0.0000000000e+00 2.2934480046e-04 
5.6940000000e-02 0.0000000000e+00 0.0000000000e+00 2.3593969847e-04 
5.7720000000e-02 0.0000000000e+00 0.0000000000e+00 2.4288668879e-04 
5.8500000000e-02 0.0000000000e+00 0.0000000000e+00 2.5012900005e-04 
5.9280000000e-02 0.0000000000e+00 0.0000000000e+00 2.5760539342e-04 
6.0060000000e-02 0.0000000000e+00 0.0000000000e+00 2.6528942806e-04 
6.0840000000e-02 0.0000000000e+00 0.0000000000e+00 2.7364087175e-04 
6.1620000000e-02 0.0000000000e+00 0.0000000000e+00 2.8219383501e-04 
6.2400000000e-02 0.0000000000e+00 0.0000000000e+00 2.9107639566e-04 
6.3180000000e-02 0.0000000000e+00 0.0000000000e+00 3.0036991287e-04 
6.3960000000e-02 0.0000000000e+00 0.0000000000e+00 3.1015424291e-04 
6.4740000000e-02 0.0000000000e+00 0.0000000000e+00 3.2020939863e-04 
6.5520000000e-02 0.0000000000e+00 0.0000000000e+00 3.3092087484e-04 
6.6300000000e-02 0.0000000000e+00 0.0000000000e+00 3.4219199733e-04 
6.7080000000e-02 0.0000000000e+00 0.0000000000e+00 3.5390296718e-04 
6.7860000000e-02 0.0000000000e+00 0.0000000000e+00 3.6611932213e-04 
6.8640000000e-02 0.0000000000e+00 0.0000000000e+00 3.7919647992e-04 
6.9420000000e-02 0.0000000000e+00 0.0000000000e+00 3.9269630157e-04 
7.0200000000e-02 0.0000000000e+00 0.0000000000e+00 4.0678020450e-04 
7.0980000000e-02 0.0000000000e+00 0.0000000000e+00 4.2197538307e-04 
7.1760000000e-02 0.0000000000e+00 0.0000000000e+00 4.3789256713e-04 
7.2540000000e-02 0.0000000000e+00 0.0000000000e+00 4.5448862191e-04 
7.3320000000e-02 0.0000000000e+00 0.0000000000e+00 4.7202755930e-04 
7.4100000000e-02 0.0000000000e+00 0.0000000000e+00 4.9064070336e-04 
7.4880000000e-02 0.0000000000e+00 0.0000000000e+00 5.1020854618e-04 
7.5660000000e-02 0.0000000000e+00 0.0000000000e+00 5.3093735245e-04 
7.6440000000e-02 0.0000000000e+00 0.0000000000e+00 5.5274536600e-04 
7.7220000000e-02 0.0000000000e+00 0.0000000000e+00 5.7586703449e-04 
7.8000000000e-02 0.0000000000e+00 0.0000000000e+00 6.0062500415e-04 
7.8780000000e-02 0.0000000000e+00 0.0000000000e+00 6.2704827287e-04 
7.9560000000e-02 0.0000000000e+00 0.0000000000e+00 6.5443922766e-04 
8.0340000000e-02 0.0000000000e+00 0.0000000000e+00 6.8387396284e-04 
8.1120000000e-02 0.0000000000e+00 0.0000000000e+00 7.1568625746e-04 
8.1900000000e-02 0.0000000000e+00 0.0000000000e+00 7.4873408303e-04 
8.2680000000e-02 0.0000000000e+00 0.0000000000e+00 7.8433327377e-04 
8.3460000000e-02 0.0000000000e+00 0.0000000000e+00 8.2273186767e-04 
8.4240000000e-02 0.0000000000e+00 0.0000000000e+00 8.6339405505e-04 
8.5020000000e-02 0.0000000000e+00 0.0000000000e+00 9.0550578432e-04 
8.5800000000e-02 0.0000000000e+00 0.0000000000e+00 9.5335020451e-04 
8.6580000000e-02 0.0000000000e+00 0.0000000000e+00 1.0034763243e-03 
8.7360000000e-02 0.0000000000e+00 0.0000000000e+00 1.0567087401e-03 
8.8140000000e-02 0.0000000000e+00 0.0000000000e+00 1.1138628563e-03 
8.8920000000e-02 0.0000000000e+00 0.0000000000e+00 1.1765740626e-03 
8.9700000000e-02 0.0000000000e+00 0.0000000000e+00 1.2408309034e-03 
9.0480000000e-02 0.0000000000e+00 0.0000000000e+00 1.3135381090e-03 
9.1260000000e-02 0.0000000000e+00 0.0000000000e+00 1.3926241128e-03 
9.2040000000e-02 0.0000000000e+00 0.0000000000e+00 1.4744923217e-03 
9.2820000000e-02 0.0000000000e+00 0.0000000000e+00 1.5631455812e-03 
9.3600000000e-02 0.0000000000e+00 0.0000000000e+00 1.6621968010e-03 
9.4380000000e-02 0.0000000000e+00 0.0000000000e+00 1.7699667229e-03 
9.5160000000e-02 0.0000000000e+00 0.0000000000e+00 1.8861103430e-03 
9.5940000000e-02 0.0000000000e+00 0.0000000000e+00 2.0118627371e-03 
9.6720000000e-02 0.0000000000e+00 0.0000000000e+00 2.1503368486e-03 
9.7500000000e-02 0.0000000000e+00 0.0000000000e+00 2.2998140194e-03 
9.8280000000e-02 0.0000000000e+00 0.0000000000e+00 2.4619768839e-03 
9.9060000000e-02 0.0000000000e+00 0.0000000000e+00 2.6387048699e-03 
9.9840000000e-02 0.0000000000e+00 0.0000000000e+00 2.8376930114e-03 
1.0062000000e-01 0.0000000000e+00 0.0000000000e+00 3.0558309983e-03 
1.0140000000e-01 0.0000000000e+00 0.0000000000e+00 3.2929637935e-03 
1.0218000000e-01 0.0000000000e+00 0.0000000000e+00 3.5514141480e-03 
1.0296000000e-01 0.0000000000e+00 0.0000000000e+00 3.8364221435e-03 
1.0374000000e-01 0.0000000000e+00 0.0000000000e+00 4.1579440329e-03 
1.0452000000e-01 0.0000000000e+00 0.0000000000e+00 4.4968218356e-03 
1.0530000000e-01 0.0000000000e+00 0.0000000000e+00 4.8760024831e-03 
1.0608000000e-01 0.0000000000e+00 0.0000000000e+00 5.3140465170e-03 
1.0686000000e-01 0.0000000000e+00 0.0000000000e+00 5.8105806820e-03 
1.0764000000e-01 0.0000000000e+00 0.0000000000e+00 6.3438992575e-03 
1.0842000000e-01 0.0000000000e+00 0.0000000000e+00 6.9424445089e-03 
1.0920000000e-01 0.0000000000e+00 0.0000000000e+00 7.6012982056e-03 
1.0998000000e-01 0.0000000000e+00 0.0000000000e+00 8.2929130364e-03 
1.1076000000e-01 0.0000000000e+00 0.0000000000e+00 9.1669458896e-03 
1.1154000000e-01 0.0000000000e+00 0.0000000000e+00 1.0105555095e-02 
1.1232000000e-01 0.0000000000e+00 0.0000000000e+00 1.1133004203e-02 
1.1310000000e-01 0.0000000000e+00 0.0000000000e+00 1.2278533541e-02 
1.1388000000e-01 0.0000000000e+00 0.0000000000e+00 1.3618291356e-02 
1.1466000000e-01 0.0000000000e+00 0.0000000000e+00 1.5044170376e-02 
1.1544000000e-01 0.0000000000e+00 0.0000000000e+00 1.6725666672e-02 
1.1622000000e-01 0.0000000000e+00 0.0000000000e+00 1.8644049428e-02 
1.1700000000e-01 0.0000000000e+00 0.0000000000e+00 2.0693430677e-02 
1.1778000000e-01 0.0000000000e+00 0.0000000000e+00 2.3106645197e-02 
1.1856000000e-01 0.0000000000e+00 0.0000000000e+00 2.5872957334e-02 
1.1934000000e-01 0.0000000000e+00 0.0000000000e+00 2.8893890940e-02 
1.2012000000e-01 0.0000000000e+00 0.0000000000e+00 3.2206480205e-02 
1.2090000000e-01 0.0000000000e+00 0.0000000000e+00 3.6298207939e-02 
1.2168000000e-01 0.0000000000e+00 0.0000000000e+00 4.0792529136e-02 
1.2246000000e-01 0.0000000000e+00 0.0000000000e+00 4.5793769434e-02 
1.2324000000e-01 0.0000000000e+00 0.0000000000e+00 5.1400157809e-02 
1.2402000000e-01 0.0000000000e+00 0.0000000000e+00 5.7699576095e-02 
1.2480000000e-01 0.0000000000e+00 0.0000000000e+00 6.5223231167e-02 
1.2558000000e-01 0.0000000000e+00 0.0000000000e+00 7.3663037717e-02 
1.2636000000e-01 0.0000000000e+00 0.0000000000e+00 8.3028963804e-02 
1.2714000000e-01 0.0000000000e+00 0.0000000000e+00 9.3435506374e-02 
1.2792000000e-01 0.0000000000e+00 0.0000000000e+00 1.0534472495e-01 
1.2870000000e-01 0.0000000000e+00 0.0000000000e+00 1.1893026903e-01 
1.2948000000e-01 0.0000000000e+00 0.0000000000e+00 1.3401387572e-01 
1.3026000000e-01 0.0000000000e+00 0.0000000000e+00 1.5067648113e-01 
1.3104000000e-01 0.0000000000e+00 0.0000000000e+00 1.6898458958e-01 
1.3182000000e-01 0.0000000000e+00 0.0000000000e+00 1.8952396095e-01 
1.3260000000e-01 0.0000000000e+00 0.0000000000e+00 2.1299772263e-01 
1.3338000000e-01 0.0000000000e+00 0.0000000000e+00 2.3875719666e-01 
1.3416000000e-01 0.0000000000e+00 0.0000000000e+00 2.6641021490e-01 
1.3494000000e-01 0.0000000000e+00 0.0000000000e+00 2.9566818357e-01 
1.3572000000e-01 0.0000000000e+00 0.0000000000e+00 3.3034912825e-01 
1.3650000000e-01 0.0000000000e+00 0.0000000000e+00 3.6664830148e-01 
1.3728000000e-01 0.0000000000e+00 0.0000000000e+00 4.0539701343e-01 
1.3806000000e-01 0.0000000000e+00 0.0000000000e+00 4.4756683409e-01 
1.3884000000e-01 0.0000000000e+00 0.0000000000e+00 4.9229561090e-01 
1.3962000000e-01 0.0000000000e+00 0.0000000000e+00 5.3984990239e-01 
1.4040000000e-01 0.0000000000e+00 0.0000000000e+00 5.9147782326e-01 
1.4118000000e-01 0.0000000000e+00 0.0000000000e+00 6.4675473213e-01 
1.4196000000e-01 0.0000000000e+00 0.0000000000e+00 7.0360413074e-01 
1.4274000000e-01 0.0000000000e+00 0.0000000000e+00 7.6370715857e-01 
1.4352000000e-01 0.0000000000e+00 0.0000000000e+00 8.2737421274e-01 
1.4430000000e-01 0.0000000000e+00 0.0000000000e+00 8.9398981333e-01 
1.4508000000e-01 0.0000000000e+00 0.0000000000e+00 9.6292807341e-01 
1.4586000000e-01 0.0000000000e+00 0.0000000000e+00 1.0346270359e+00 
1.4664000000e-01 0.0000000000e+00 0.0000000000e+00 1.1087984943e+00 
1.4742000000e-01 0.0000000000e+00 0.0000000000e+00 1.1850772357e+00 
1.4820000000e-01 0.0000000000e+00 0.0000000000e+00 1.2632803679e+00 
1.4898000000e-01 0.0000000000e+00 0.0000000000e+00 1.3431705499e+00 
1.4976000000e-01 0.0000000000e+00 0.0000000000e+00 1.4257049561e+00 
1.5054000000e-01 0.0000000000e+00 0.0000000000e+00 1.5094840121e+00 
1.5132000000e-01 0.0000000000e+00 0.0000000000e+00 1.5943059492e+00 
1.5210000000e-01 0.0000000000e+00 0.0000000000e+00 1.6800321102e+00 
1.5288000000e-01 0.0000000000e+00 0.0000000000e+00 1.7668178368e+00 
1.5366000000e-01 0.0000000000e+00 0.0000000000e+00 1.8542752385e+00 
1.5444000000e-01 0.0000000000e+00 0.0000000000e+00 1.9420909023e+00 
1.5522000000e-01 0.0000000000e+00 0.0000000000e+00 2.0300922632e+00 
1.5600000000e-01 0.0000000000e+00 0.0000000000e+00 2.1181018353e+00 
1.5678000000e-01 0.0000000000e+00 0.0000000000e+00 2.2058536577e+00 
1.5756000000e-01 0.0000000000e+00 0.0000000000e+00 2.2932716942e+00 
1.5834000000e-01 0.0000000000e+00 0.0000000000e+00 2.3801350498e+00 
1.5912000000e-01 0.0000000000e+00 0.0000000000e+00 2.4662591648e+00 
1.5990000000e-01 0.0000000000e+00 0.0000000000e+00 2.5513321400e+00 
1.6068000000e-01 0.0000000000e+00 0.0000000000e+00 2.6351943684e+00 
1.6146000000e-01 0.0000000000e+00 0.0000000000e+00 2.7180259514e+00 
1.6224000000e-01 0.0000000000e+00 0.0000000000e+00 2.7995809269e+00 
1.6302000000e-01 0.0000000000e+00 0.0000000000e+00 2.8795590734e+00 
1.6380000000e-01 0.0000000000e+00 0.0000000000e+00 2.9580568314e+00 
1.6458000000e-01 0.0000000000e+00 0.0000000000e+00 3.0351230860e+00 
1.6536000000e-01 0.0000000000e+00 0.0000000000e+00 3.1100219345e+00 
1.6614000000e-01 0.0000000000e+00 0.0000000000e+00 3.1827298784e+00 
1.6692000000e-01 0.0000000000e+00 0.0000000000e+00 3.2543491077e+00 
1.6770000000e-01 0.0000000000e+00 0.0000000000e+00 3.3236228228e+00 
1.6848000000e-01 0.0000000000e+00 0.0000000000e+00 3.3908483505e+00 
1.6926000000e-01 0.0000000000e+00 0.0000000000e+00 3.4564678669e+00 
1.7004000000e-01 0.0000000000e+00 0.0000000000e+00 3.5208803558e+00 
1.7082000000e-01 0.0000000000e+00 0.0000000000e+00 3.5812197876e+00 
1.7160000000e-01 0.0000000000e+00 0.0000000000e+00 3.6403508663e+00 
1.7238000000e-01 0.0000000000e+00 0.0000000000e+00 3.6977673388e+00 
1.7316000000e-01 0.0000000000e+00 0.0000000000e+00 3.7531202126e+00 
1.7394000000e-01 0.0000000000e+00 0.0000000000e+00 3.8059917879e+00 
1.7472000000e-01 0.0000000000e+00 0.0000000000e+00 3.8570810032e+00 
1.7550000000e-01 0.0000000000e+00 0.0000000000e+00 3.9057676792e+00 
1.7628000000e-01 0.0000000000e+00 0.0000000000e+00 3.9522663879e+00 
1.7706000000e-01 0.0000000000e+00 0.0000000000e+00 3.9969489574e+00 
1.7784000000e-01 0.0000000000e+00 0.0000000000e+00 4.0396747589e+00 
1.7862000000e-01 0.0000000000e+00 0.0000000000e+00 4.0798140144e+00 
1.7940000000e-01 0.0000000000e+00 0.0000000000e+00 4.1186115265e+00 
1.8018000000e-01 0.0000000000e+00 0.0000000000e+00 4.1557740688e+00 
1.8096000000e-01 0.0000000000e+00 0.0000000000e+00 4.1896218300e+00 
1.8174000000e-01 0.0000000000e+00 0.0000000000e+00 4.2220122814e+00 
1.8252000000e-01 0.0000000000e+00 0.0000000000e+00 4.2524090004e+00 
1.8330000000e-01 0.0000000000e+00 0.0000000000e+00 4.2810711861e+00 
1.8408000000e-01 0.0000000000e+00 0.0000000000e+00 4.3082516670e+00 
1.8486000000e-01 0.0000000000e+00 0.0000000000e+00 4.3333459854e+00 
1.8564000000e-01 0.0000000000e+00 0.0000000000e+00 4.3553851891e+00 
1.8642000000e-01 0.0000000000e+00 0.0000000000e+00 4.3760421181e+00 
1.8720000000e-01 0.0000000000e+00 0.0000000000e+00 4.3954562187e+00 
1.8798000000e-01 0.0000000000e+00 0.0000000000e+00 4.4130408382e+00 
1.8876000000e-01 0.0000000000e+00 0.0000000000e+00 4.4279397392e+00 
1.8954000000e-01 0.0000000000e+00 0.0000000000e+00 4.4416761971e+00 
1.9032000000e-01 0.0000000000e+00 0.0000000000e+00 4.4535059166e+00 
1.9110000000e-01 0.0000000000e+00 0.0000000000e+00 4.4631026745e+00 
1.9188000000e-01 0.0000000000e+00 0.0000000000e+00 4.4714105415e+00 
1.9266000000e-01 0.0000000000e+00 0.0000000000e+00 4.4775044060e+00 
1.9344000000e-01 0.0000000000e+00 0.0000000000e+00 4.4819727516e+00 
1.9422000000e-01 0.0000000000e+00 0.0000000000e+00 4.4848227978e+00 
1.9500000000e-01 0.0000000000e+00 0.0000000000e+00 4.4859590530e+00 
1.9578000000e-01 0.0000000000e+00 0.0000000000e+00 4.4848227978e+00 
1.9656000000e-01 0.0000000000e+00 0.0000000000e+00 4.4819727516e+00 
1.9734000000e-01 0.0000000000e+00 0.0000000000e+00 4.4775044060e+00 
1.9812000000e-01 0.0000000000e+00 0.0000000000e+00 4.4714105415e+00 
1.9890000000e-01 0.0000000000e+00 0.0000000000e+00 4.4631026745e+00 
1.9968000000e-01 0.0000000000e+00 0.0000000000e+00 4.4535059166e+00 
2.0046000000e-01 0.0000000000e+00 0.0000000000e+00 4.4416761971e+00 
2.0124000000e-01 0.0000000000e+00 0.0000000000e+00 4.4279397392e+00 
2.0202000000e-01 0.0000000000e+00 0.0000000000e+00 4.4130408382e+00 
2.0280000000e-01 0.0000000000e+00 0.0000000000e+00 4.3954562187e+00 
2.0358000000e-01 0.0000000000e+00 0.0000000000e+00 4.3760421181e+00 
2.0436000000e-01 0.0000000000e+00 0.0000000000e+00 4.3553851891e+00 
2.0514000000e-01 0.0000000000e+00 0.0000000000e+00 4.3333459854e+00 
2.0592000000e-01 0.0000000000e+00 0.0000000000e+00 4.3082516670e+00 
2.0670000000e-01 0.0000000000e+00 0.0000000000e+00 4.2810711861e+00 
2.0748000000e-01 0.0000000000e+00 0.0000000000e+00 4.2524090004e+00 
2.0826000000e-01 0.0000000000e+00 0.0000000000e+00 4.2220122814e+00 
2.0904000000e-01 0.0000000000e+00 0.0000000000e+00 4.1896218300e+00 
2.0982000000e-01 0.0000000000e+00 0.0000000000e+00 4.1557740688e+00 
2.1060000000e-01 0.0000000000e+00 0.0000000000e+00 4.1186115265e+00 
2.1138000000e-01 0.0000000000e+00 0.0000000000e+00 4.0798140144e+00 
2.1216000000e-01 0.0000000000e+00 0.0000000000e+00 4.0396747589e+00 
2.1294000000e-01 0.0000000000e+00 0.0000000000e+00 3.9969489574e+00 
2.1372000000e-01 0.0000000000e+00 0.0000000000e+00 3.9522663879e+00 
2.1450000000e-01 0.0000000000e+00 0.0000000000e+00 3.9057676792e+00 
2.1528000000e-01 0.0000000000e+00 0.0000000000e+00 3.8570810032e+00 
2.1606000000e-01 0.0000000000e+00 0.0000000000e+00 3.8059917879e+00 
2.1684000000e-01 0.0000000000e+00 0.0000000000e+00 3.7531202126e+00 
2.1762000000e-01 0.0000000000e+00 0.0000000000e+00 3.6977673388e+00 
2.1840000000e-01 0.0000000000e+00 0.0000000000e+00 3.6403508663e+00 
2.1918000000e-01 0.0000000000e+00 0.0000000000e+00 3.5812197876e+00 
2.1996000000e-01 0.0000000000e+00 0.0000000000e+00 3.5208803558e+00 
2.2074000000e-01 0.0000000000e+00 0.0000000000e+00 3.4564678669e+00 
2.2152000000e-01 0.0000000000e+00 0.0000000000e+00 3.3908483505e+00 
2.2230000000e-01 0.0000000000e+00 0.0000000000e+00 3.3236228228e+00 
2.2308000000e-01 0.0000000000e+00 0.0000000000e+00 3.2543491077e+00 
2.2386000000e-01 0.0000000000e+00 0.0000000000e+00 3.1827298784e+00 
2.2464000000e-01 0.0000000000e+00 0.0000000000e+00 3.1100219345e+00 
2.2542000000e-01 0.0000000000e+00 0.0000000000e+00 3.0351230860e+00 
2.2620000000e-01 0.0000000000e+00 0.0000000000e+00 2.9580568314e+00 
2.2698000000e-01 0.0000000000e+00 0.0000000000e+00 2.8795590734e+00 
2.2776000000e-01 0.0000000000e+00 0.0000000000e+00 2.7995809269e+00 
2.2854000000e-01 0.0000000000e+00 0.0000000000e+00 2.7180259514e+00 
2.2932000000e-01 0.0000000000e+00 0.0000000000e+00 2.6351943684e+00 
2.3010000000e-01 0.0000000000e+00 0.0000000000e+00 2.5513321400e+00 
2.3088000000e-01 0.0000000000e+00 0.0000000000e+00 2.4662591648e+00 
2.3166000000e-01 0.0000000000e+00 0.0000000000e+00 2.3801350498e+00 
2.3244000000e-01 0.0000000000e+00 0.0000000000e+00 2.2932716942e+00 
2.3322000000e-01 0.0000000000e+00 0.0000000000e+00 2.2058536577e+00 
2.3400000000e-01 0.0000000000e+00 0.0000000000e+00 2.1181018353e+00 
2.3478000000e-01 0.0000000000e+00 0.0000000000e+00 2.0300922632e+00 
2.3556000000e-01 0.0000000000e+00 0.0000000000e+00 1.9420909023e+00 
2.3634000000e-01 0.0000000000e+00 0.0000000000e+00 1.8542752385e+00 
2.3712000000e-01 0.0000000000e+00 0.0000000000e+00 1.7668178368e+00 
2.3790000000e-01 0.0000000000e+00 0.0000000000e+00 1.6800321102e+00 
2.3868000000e-01 0.0000000000e+00 0.0000000000e+00 1.5943059492e+00 
2.3946000000e-01 0.0000000000e+00 0.0000000000e+00 1.5094840121e+00 
2.4024000000e-01 0.0000000000e+00 0.0000000000e+00 1.4257049561e+00 
2.4102000000e-01 0.0000000000e+00 0.0000000000e+00 1.3431705499e+00 
2.4180000000e-01 0.0000000000e+00 0.0000000000e+00 1.2632803679e+00 
2.4258000000e-01 0.0000000000e+00 0.0000000000e+00 1.1850772357e+00 
2.4336000000e-01 0.0000000000e+00 0.0000000000e+00 1.1087984943e+00 
2.4414000000e-01 0.0000000000e+00 0.0000000000e+00 1.0346270359e+00 
2.4492000000e-01 0.0000000000e+00 0.0000000000e+00 9.6292807341e-01 
2.4570000000e-01 0.0000000000e+00 0.0000000000e+00 8.9398981333e-01 
2.4648000000e-01 0.0000000000e+00 0.0000000000e+00 8.2737421274e-01 
2.4726000000e-01 0.0000000000e+00 0.0000000000e+00 7.6370715857e-01 
2.4804000000e-01 0.0000000000e+00 0.0000000000e+00 7.0360413074e-01 
2.4882000000e-01 0.0000000000e+00 0.0000000000e+00 6.4675473213e-01 
2.4960000000e-01 0.0000000000e+00 0.0000000000e+00 5.9147782326e-01 
2.5038000000e-01 0.0000000000e+00 0.0000000000e+00 5.3984990239e-01 
2.5116000000e-01 0.0000000000e+00 0.0000000000e+00 4.9229561090e-01 
2.5194000000e-01 0.0000000000e+00 0.0000000000e+00 4.4756683409e-01 
2.5272000000e-01 0.0000000000e+00 0.0000000000e+00 4.0539701343e-01 
2.5350000000e-01 0.0000000000e+00 0.0000000000e+00 3.6664830148e-01 
2.5428000000e-01 0.0000000000e+00 0.0000000000e+00 3.3034912825e-01 
2.5506000000e-01 0.0000000000e+00 0.0000000000e+00 2.9566818357e-01 
2.5584000000e-01 0.0000000000e+00 0.0000000000e+00 2.6641021490e-01 
2.5662000000e-01 0.0000000000e+00 0.0000000000e+00 2.3875719666e-01 
2.5740000000e-01 0.0000000000e+00 0.0000000000e+00 2.1299772263e-01 
2.5818000000e-01 0.0000000000e+00 0.0000000000e+00 1.8952396095e-01 
2.5896000000e-01 0.0000000000e+00 0.0000000000e+00 1.6898458958e-01 
2.5974000000e-01 0.0000000000e+00 0.0000000000e+00 1.5067648113e-01 
2.6052000000e-01 0.0000000000e+00 0.0000000000e+00 1.3401387572e-01 
2.6130000000e-01 0.0000000000e+00 0.0000000000e+00 1.1893026903e-01 
2.6208000000e-01 0.0000000000e+00 0.0000000000e+00 1.0534472495e-01 
2.6286000000e-01 0.0000000000e+00 0.0000000000e+00 9.3435506374e-02 
2.6364000000e-01 0.0000000000e+00 0.0000000000e+00 8.3028963804e-02 
2.6442000000e-01 0.0000000000e+00 0.0000000000e+00 7.3663037717e-02 
2.6520000000e-01 0.0000000000e+00 0.0000000000e+00 6.5223231167e-02 
2.6598000000e-01 0.0000000000e+00 0.0000000000e+00 5.7699576095e-02 
2.6676000000e-01 0.0000000000e+00 0.0000000000e+00 5.1400157809e-02 
2.6754000000e-01 0.0000000000e+00 0.0000000000e+00 4.5793769434e-02 
2.6832000000e-01 0.0000000000e+00 0.0000000000e+00 4.0792529136e-02 
2.6910000000e-01 0.0000000000e+00 0.0000000000e+00 3.6298207939e-02 
2.6988000000e-01 0.0000000000e+00 0.0000000000e+00 3.2206480205e-02 
2.7066000000e-01 0.0000000000e+00 0.0000000000e+00 2.8893890940e-02 
2.7144000000e-01 0.0000000000e+00 0.0000000000e+00 2.5872957334e-02 
2.7222000000e-01 0.0000000000e+00 0.0000000000e+00 2.3106645197e-02 
2.7300000000e-01 0.0000000000e+00 0.0000000000e+00 2.0693430677e-02 
2.7378000000e-01 0.0000000000e+00 0.0000000000e+00 1.8644049428e-02 
2.7456000000e-01 0.0000000000e+00 0.0000000000e+00 1.6725666672e-02 
2.7534000000e-01 0.0000000000e+00 0.0000000000e+00 1.5044170376e-02 
2.7612000000e-01 0.0000000000e+00 0.0000000000e+00 1.3618291356e-02 
2.7690000000e-01 0.0000000000e+00 0.0000000000e+00 1.2278533541e-02 
2.7768000000e-01 0.0000000000e+00 0.0000000000e+00 1.1133004203e-02 
2.7846000000e-01 0.0000000000e+00 0.0000000000e+00 1.0105555095e-02 
2.7924000000e-01 0.0000000000e+00 0.0000000000e+00 9.1669458896e-03 
2.8002000000e-01 0.0000000000e+00 0.0000000000e+00 8.2929130364e-03 
2.8080000000e-01 0.0000000000e+00 0.0000000000e+00 7.6012982056e-03 
2.8158000000e-01 0.0000000000e+00 0.0000000000e+00 6.9424445089e-03 
2.8236000000e-01 0.0000000000e+00 0.0000000000e+00 6.3438992575e-03 
2.8314000000e-01 0.0000000000e+00 0.0000000000e+00 5.8105806820e-03 
2.8392000000e-01 0.0000000000e+00 0.0000000000e+00 5.3140465170e-03 
2.8470000000e-01 0.0000000000e+00 0.0000000000e+00 4.8760024831e-03 
2.8548000000e-01 0.0000000000e+00 0.0000000000e+00 4.4968218356e-03 
2.8626000000e-01 0.0000000000e+00 0.0000000000e+00 4.1579440329e-03 
2.8704000000e-01 0.0000000000e+00 0.0000000000e+00 3.8364221435e-03 
2.8782000000e-01 0.0000000000e+00 0.0000000000e+00 3.5514141480e-03 
2.8860000000e-01 0.0000000000e+00 0.0000000000e+00 3.2929637935e-03 
2.8938000000e-01 0.0000000000e+00 0.0000000000e+00 3.0558309983e-03 
2.9016000000e-01 0.0000000000e+00 0.0000000000e+00 2.8376930114e-03 
2.9094000000e-01 0.0000000000e+00 0.0000000000e+00 2.6387048699e-03 
2.9172000000e-01 0.0000000000e+00 0.0000000000e+00 2.4619768839e-03 
2.9250000000e-01 0.0000000000e+00 0.0000000000e+00 2.2998140194e-03 
2.9328000000e-01 0.0000000000e+00 0.0000000000e+00 2.1503368486e-03 
2.9406000000e-01 0.0000000000e+00 0.0000000000e+00 2.0118627371e-03 
2.9484000000e-01 0.0000000000e+00 0.0000000000e+00 1.8861103430e-03 
2.9562000000e-01 0.0000000000e+00 0.0000000000e+00 1.7699667229e-03 
2.9640000000e-01 0.0000000000e+00 0.0000000000e+00 1.6621968010e-03 
2.9718000000e-01 0.0000000000e+00 0.0000000000e+00 1.5631455812e-03 
2.9796000000e-01 0.0000000000e+00 0.0000000000e+00 1.4744923217e-03 
2.9874000000e-01 0.0000000000e+00 0.0000000000e+00 1.3926241128e-03 
2.9952000000e-01 0.0000000000e+00 0.0000000000e+00 1.3135381090e-03 
3.0030000000e-01 0.0000000000e+00 0.0000000000e+00 1.2408309034e-03 
3.0108000000e-01 0.0000000000e+00 0.0000000000e+00 1.1765740626e-03 
3.0186000000e-01 0.0000000000e+00 0.0000000000e+00 1.1138628563e-03 
3.0264000000e-01 0.0000000000e+00 0.0000000000e+00 1.0567087401e-03 
3.0342000000e-01 0.0000000000e+00 0.0000000000e+00 1.0034763243e-03 
3.0420000000e-01 0.0000000000e+00 0.0000000000e+00 9.5335020451e-04 
3.0498000000e-01 0.0000000000e+00 0.0000000000e+00 9.0550578432e-04 
3.0576000000e-01 0.0000000000e+00 0.0000000000e+00 8.6339405505e-04 
3.0654000000e-01 0.0000000000e+00 0.0000000000e+00 8.2273186767e-04 
3.0732000000e-01 0.0000000000e+00 0.0000000000e+00 7.8433327377e-04 
3.0810000000e-01 0.0000000000e+00 0.0000000000e+00 7.4873408303e-04 
3.0888000000e-01 0.0000000000e+00 0.0000000000e+00 7.1568625746e-04 
3.0966000000e-01 0.0000000000e+00 0.0000000000e+00 6.8387396284e-04 
3.1044000000e-01 0.0000000000e+00 0.0000000000e+00 6.5443922766e-04 
3.1122000000e-01 0.0000000000e+00 0.0000000000e+00 6.2704827287e-04 
3.1200000000e-01 0.0000000000e+00 0.0000000000e+00 6.0062500415e-04 
3.1278000000e-01 0.0000000000e+00 0.0000000000e+00 5.7586703449e-04 
3.1356000000e-01 0.0000000000e+00 0.0000000000e+00 5.5274536600e-04 
3.1434000000e-01 0.0000000000e+00 0.0000000000e+00 5.3093735245e-04 
3.1512000000e-01 0.0000000000e+00 0.0000000000e+00 5.1020854618e-04 
3.1590000000e-01 0.0000000000e+00 0.0000000000e+00 4.9064070336e-04 
3.1668000000e-01 0.0000000000e+00 0.0000000000e+00 4.7202755930e-04 
3.1746000000e-01 0.0000000000e+00 0.0000000000e+00 4.5448862191e-04 
3.1824000000e-01 0.0000000000e+00 0.0000000000e+00 4.3789256713e-04 
3.1902000000e-01 0.0000000000e+00 0.0000000000e+00 4.2197538307e-04 
3.1980000000e-01 0.0000000000e+00 0.0000000000e+00 4.0678020450e-04 
3.2058000000e-01 0.0000000000e+00 0.0000000000e+00 3.9269630157e-04 
3.2136000000e-01 0.0000000000e+00 0.0000000000e+00 3.7919647992e-04 
3.2214000000e-01 0.0000000000e+00 0.0000000000e+00 3.6611932213e-04 
3.2292000000e-01 0.0000000000e+00 0.0000000000e+00 3.5390296718e-04 
3.2370000000e-01 0.0000000000e+00 0.0000000000e+00 3.4219199733e-04 
3.2448000000e-01 0.0000000000e+00 0.0000000000e+00 3.3092087484e-04 
3.2526000000e-01 0.0000000000e+00 0.0000000000e+00 3.2020939863e-04 
3.2604000000e-01 0.0000000000e+00 0.0000000000e+00 3.1015424291e-04 
3.2682000000e-01 0.0000000000e+00 0.0000000000e+00 3.0036991287e-04 
3.2760000000e-01 0.0000000000e+00 0.0000000000e+00 2.9107639566e-04 
3.2838000000e-01 0.0000000000e+00 0.0000000000e+00 2.8219383501e-04 
3.2916000000e-01 0.0000000000e+00 0.0000000000e+00 2.7364087175e-04 
3.2994000000e-01 0.0000000000e+00 0.0000000000e+00 2.6528942806e-04 
3.3072000000e-01 0.0000000000e+00 0.0000000000e+00 2.5760539342e-04 
3.3150000000e-01 0.0000000000e+00 0.0000000000e+00 2.5012900005e-04 
3.3228000000e-01 0.0000000000e+00 0.0000000000e+00 2.4288668879e-04 
3.3306000000e-01 0.0000000000e+00 0.0000000000e+00 2.3593969847e-04 
3.3384000000e-01 0.0000000000e+00 0.0000000000e+00 2.2934480046e-04 
3.3462000000e-01 0.0000000000e+00 0.0000000000e+00 2.2291481902e-04 
3.3540000000e-01 0.0000000000e+00 0.0000000000e+00 2.1678339981e-04 
3.3618000000e-01 0.0000000000e+00 0.0000000000e+00 2.1093010204e-04 
3.3696000000e-01 0.0000000000e+00 0.0000000000e+00 2.0519319922e-04 
3.3774000000e-01 0.0000000000e+00 0.0000000000e+00 1.9975747826e-04 
3.3852000000e-01 0.0000000000e+00 0.0000000000e+00 1.9451743574e-04 
3.3930000000e-01 0.0000000000e+00 0.0000000000e+00 1.8942229508e-04 
3.4008000000e-01 0.0000000000e+00 0.0000000000e+00 1.8445331836e-04 
3.4086000000e-01 0.0000000000e+00 0.0000000000e+00 1.7981543846e-04 
3.4164000000e-01 0.0000000000e+00 0.0000000000e+00 1.7527164076e-04 
3.4242000000e-01 0.0000000000e+00 0.0000000000e+00 1.7086938227e-04 
3.4320000000e-01 0.0000000000e+00 0.0000000000e+00 1.6662320122e-04 
3.4398000000e-01 0.0000000000e+00 0.0000000000e+00 1.6252897592e-04 
3.4476000000e-01 0.0000000000e+00 0.0000000000e+00 1.5853736026e-04 
3.4554000000e-01 0.0000000000e+00 0.0000000000e+00 1.5473743842e-04 
3.4632000000e-01 0.0000000000e+00 0.0000000000e+00 1.5105735569e-04 
3.4710000000e-01 0.0000000000e+00 0.0000000000e+00 1.4745029621e-04 
3.4788000000e-01 0.0000000000e+00 0.0000000000e+00 1.4398943982e-04 
3.4866000000e-01 0.0000000000e+00 0.0000000000e+00 1.4065925905e-04 
3.4944000000e-01 0.0000000000e+00 0.0000000000e+00 1.3739243906e-04 
3.5022000000e-01 0.0000000000e+00 0.0000000000e+00 1.3421649986e-04 
3.5100000000e-01 0.0000000000e+00 0.0000000000e+00 1.3119399955e-04 
3.5178000000e-01 0.0000000000e+00 0.0000000000e+00 1.2825028301e-04 
3.5256000000e-01 0.0000000000e+00 0.0000000000e+00 1.2538608513e-04 
3.5334000000e-01 0.0000000000e+00 0.0000000000e+00 1.2260548276e-04 
3.5412000000e-01 0.0000000000e+00 0.0000000000e+00 1.1990727653e-04 
3.5490000000e-01 0.0000000000e+00 0.0000000000e+00 1.1728959726e-04 
3.5568000000e-01 0.0000000000e+00 0.0000000000e+00 1.1475283682e-04 
3.5646000000e-01 0.0000000000e+00 0.0000000000e+00 1.1228869975e-04 
3.5724000000e-01 0.0000000000e+00 0.0000000000e+00 1.0989368311e-04 
3.5802000000e-01 0.0000000000e+00 0.0000000000e+00 1.0756146192e-04 
3.5880000000e-01 0.0000000000e+00 0.0000000000e+00 1.0531740118e-04 
3.5958000000e-01 0.0000000000e+00 0.0000000000e+00 1.0310350117e-04 
3.6036000000e-01 0.0000000000e+00 0.0000000000e+00 1.0096228158e-04 
3.6114000000e-01 0.0000000000e+00 0.0000000000e+00 9.8900357552e-05 
3.6192000000e-01 0.0000000000e+00 0.0000000000e+00 9.6868766705e-05 
3.6270000000e-01 0.0000000000e+00 0.0000000000e+00 9.4894438371e-05 
3.6348000000e-01 0.0000000000e+00 0.0000000000e+00 9.2981901544e-05 
3.6426000000e-01 0.0000000000e+00 0.0000000000e+00 9.1123524908e-05 
3.6504000000e-01 0.0000000000e+00 0.0000000000e+00 8.9307317685e-05 
3.6582000000e-01 0.0000000000e+00 0.0000000000e+00 8.7544909475e-05 
3.6660000000e-01 0.0000000000e+00 0.0000000000e+00 8.5823838890e-05 
3.6738000000e-01 0.0000000000e+00 0.0000000000e+00 8.4148267779e-05 
3.6816000000e-01 0.0000000000e+00 0.0000000000e+00 8.2515697577e-05 
3.6894000000e-01 0.0000000000e+00 0.0000000000e+00 8.0914750142e-05 
3.6972000000e-01 0.0000000000e+00 0.0000000000e+00 7.9355057387e-05 
3.7050000000e-01 0.0000000000e+00 0.0000000000e+00 7.7850600064e-05 
3.7128000000e-01 0.0000000000e+00 0.0000000000e+00 7.6382542611e-05 
3.7206000000e-01 0.0000000000e+00 0.0000000000e+00 7.4932049465e-05 
3.7284000000e-01 0.0000000000e+00 0.0000000000e+00 7.3533901304e-05 
3.7362000000e-01 0.0000000000e+00 0.0000000000e+00 7.2159869451e-05 
3.7440000000e-01 0.0000000000e+00 0.0000000000e+00 7.0812422200e-05 
3.7518000000e-01 0.0000000000e+00 0.0000000000e+00 6.9499706588e-05 
3.7596000000e-01 0.0000000000e+00 0.0000000000e+00 6.8238286476e-05 
3.7674000000e-01 0.0000000000e+00 0.0000000000e+00 6.6992410575e-05 
3.7752000000e-01 0.0000000000e+00 0.0000000000e+00 6.5775611147e-05 
3.7830000000e-01 0.0000000000e+00 0.0000000000e+00 6.4587388624e-05 
3.7908000000e-01 0.0000000000e+00 0.0000000000e+00 6.3424548716e-05 
3.7986000000e-01 0.0000000000e+00 0.0000000000e+00 6.2281383725e-05 
3.8064000000e-01 0.0000000000e+00 0.0000000000e+00 6.1180519406e-05 
3.8142000000e-01 0.0000000000e+00 0.0000000000e+00 6.0098653630e-05 
3.8220000000e-01 0.0000000000e+00 0.0000000000e+00 5.9034220612e-05 
3.8298000000e-01 0.0000000000e+00 0.0000000000e+00 5.7996118630e-05 
3.8376000000e-01 0.0000000000e+00 0.0000000000e+00 5.6987808057e-05 
3.8454000000e-01 0.0000000000e+00 0.0000000000e+00 5.5990758192e-05 
3.8532000000e-01 0.0000000000e+00 0.0000000000e+00 5.5018140119e-05 
3.8610000000e-01 0.0000000000e+00 0.0000000000e+00 5.4075429580e-05 
3.8688000000e-01 0.0000000000e+00 0.0000000000e+00 5.3142785036e-05 
3.8766000000e-01 0.0000000000e+00 0.0000000000e+00 5.2237529453e-05 
3.8844000000e-01 0.0000000000e+00 0.0000000000e+00 5.1348737179e-05 
3.8922000000e-01 0.0000000000e+00 0.0000000000e+00 5.0474252930e-05 
